[MODE]
IS_WORLD_ALIGNED=0
FOV=56.8667

[GFORCES]
MIX=-0.00280,-0.00280,-0.00350
LAG=0.8

[SHAKE]
SCALE=0.00140,0.00028,0.00021
FREQ=150,150,100
RANDOM=0.5

[ROTATION]
HEAD_MAX_DEGREES=60
SPEED=20
