[CAMERA]
ON_BOARD_PITCH_ANGLE=-0.0157074
ON_BOARD_YAW_ANGLE=0

[DRIVER_EYES_POSITION]
DRIVEREYES=0.325399,0.922437,0.353759

