[CAMERA]
ON_BOARD_PITCH_ANGLE=-0.0213596
ON_BOARD_YAW_ANGLE=0

[DRIVER_EYES_POSITION]
DRIVEREYES=0.00305176,0.72659,0.529373

