[CAMERA]
ON_BOARD_PITCH_ANGLE=0.0290376
ON_BOARD_YAW_ANGLE=0

[DRIVER_EYES_POSITION]
DRIVEREYES=0.407564,0.946669,-0.157534

