[CAMERA]
ON_BOARD_PITCH_ANGLE=0.0290376
ON_BOARD_YAW_ANGLE=0

[DRIVER_EYES_POSITION]
DRIVEREYES=0.410646,0.969972,-0.200779

